Résultats d'expérience
======================
Angle d'incidence (deg.)        Incertitude (deg.)     Angle réfracté (deg.)        Incertitude (deg.)
                   10.67,                     1.50,                     8.54,                     1.30
                   20.67,                     1.50,                    15.08,                     1.30
                   30.67,                     1.50,                    21.37,                     1.30
                   40.67,                     1.50,                    27.27,                     1.30
                   50.67,                     1.50,                    32.61,                     1.30
                   60.67,                     1.50,                    37.16,                     1.30
                   70.67,                     1.50,                    40.69,                     1.30
                   80.67,                     1.50,                    42.93,                     1.30
